4.800000000000002043e-01
7.000000000000003997e-01
3.000000000000000444e-01
1.200000000000000372e-01
1.400000000000000411e-01
1.600000000000000311e-01
2.399999999999999911e-01
2.600000000000000089e-01
2.000000000000000111e-01
1.600000000000000311e-01
1.200000000000000372e-01
1.000000000000000333e-01
7.000000000000003997e-01
7.800000000000004707e-01
3.800000000000001155e-01
4.000000000000001332e-01
2.800000000000000266e-01
2.600000000000000089e-01
2.200000000000000011e-01
1.800000000000000211e-01
1.600000000000000311e-01
1.400000000000000411e-01
8.000000000000002942e-02
8.000000000000002942e-02
